 
1. ОСНОВНЫЕ ХАРАКТЕРИСТИКИ СУБЪЕКТОВ РОССИЙСКОЙ ФЕДЕРАЦИИ  
 
 
38 Регионы России. Социально-экономические показатели. 2025 
 
1.5. ПОКАЗАТЕЛИ СОЦИАЛЬНО-ЭКОНОМИЧЕСКОГО РАЗВИТИЯ РОССИЙСКОЙ ФЕДЕРАЦИИ, НЕОБХОДИМЫЕ  
ДЛЯ МОНИТОРИНГА ДОСТИЖЕНИЯ ПОКАЗАТЕЛЕЙ НАЦИОНАЛЬНЫХ ПРОЕКТОВ (ПРОГРАММ) в 2024 г. 
 Демография Здравоохранение Жилье и городская среда Наука Цифровая  
экономика 
Суммарный 
коэффициент 
рождаемости, 
число детей  
на 1 женщину1) 
Младенческая 
смертность, число 
детей, умерших  
в возрасте  
до 1 года,  
на 1 000  
родившихся  
живыми 
Объем жилищного 
строительства,  
млн м2 общей  
площади 
Ввод жилья  
в многоквартир-
ных жилых до-
мах,  
млн м2 общей  
площади 
Доля  
исследователей  
в возрасте  
до 39 лет  
в общей  
численности  
российских  
исследователей,  
процентов 
Внутренние  
затраты  
на исследования  
и разработки  
за счет всех  
источников,  
млрд руб. 
Доля  
домохозяйств,  
имеющих  
широкополосный  
доступ  
к информационно-
телекоммуника- 
ционной сети 
«Интернет»2), 
процентов 
Российская Федерация 1,400 4,0 107,8 45,5 43,3 1 884,9 89,8 
Центральный  
федеральный округ 1,312 3,5 30,3 13,5 41,6 970,9 91,0 
Белгородская область 1,074 4,3 0,9 0,2 37,9 3,8 86,7 
Брянская область 1,132 4,0 0,6 0,2 36,4 1,0 84,9 
Владимирская область 1,139 1,8 1,0 0,2 44,7 8,3 84,8 
Воронежская область 1,212 3,0 1,9 0,8 43,0 11,9 92,0 
Ивановская область 1,306 4,6 0,5 0,2 45,4 1,0 87,6 
Калужская область 1,334 4,9 1,0 0,2 35,8 11,7 79,2 
Костромская область 1,472 3,1 0,3 0,1 37,2 0,1 83,7 
Курская область 1,236 3,9 0,7 0,2 34,3 4,6 85,8 
Липецкая область 1,173 2,9 0,8 0,3 37,5 1,3 87,8 
Московская область 1,341 3,3 11,4 3,5 40,4 221,4 90,9 
Орловская область 1,176 5,5 0,4 0,2 44,4 1,2 83,3 
Рязанская область 1,119 4,0 0,6 0,3 51,5 2,1 90,6 
Смоленская область 1,043 3,6 0,5 0,2 32,0 2,0 81,7 
Тамбовская область 1,157 4,0 0,4 0,1 33,3 1,2 81,2 
Тверская область 1,253 4,7 0,9 0,3 30,8 4,6 91,2 
Тульская область 1,128 3,9 0,9 0,3 50,6 8,0 93,9 
Ярославская область 1,275 3,0 1,0 0,4 35,4 16,2 83,0 
г. Москва 1,461 3,4 6,5 5,9 42,1 670,7 97,0 
Северо-Западный  
федеральный округ 1,231 4,1 10,4 5,6 43,8 231,3 88,5 
Республика Карелия 1,498 4,2 0,3 0,1 39,0 1,7 86,5 
Республика Коми 1,528 3,8 0,2 0,1 27,5 3,8 87,9 
Архангельская область 1,434 4,4 0,5 0,3 44,1 2,4 94,3 
в том числе:         
Ненецкий автономный округ 1,801 4,2 0,03 0,01 48,0 0,03 90,8 
Архангельская область  
без автономного округа 1,415 4,4 0,5 0,3 44,0 2,3 94,4 
Вологодская область 1,332 5,7 0,7 0,3 58,9 1,5 87,3 
Калининградская область 1,208 4,0 1,2 0,6 42,4 3,1 93,6 
Ленинградская область 0,888 3,2 4,1 1,4 34,2 13,4 86,3 
Мурманская область 1,395 4,1 0,1 0,02 31,9 4,0 90,7 
Новгородская область 1,210 4,4 0,3 0,1 48,3 2,0 90,6 
Псковская область 1,286 4,3 0,4 0,1 52,0 0,3 80,1 
г. Санкт-Петербург 1,254 4,1 2,7 2,5 44,8 199,2 88,4 
Южный  
федеральный округ 1,375 3,9 13,6 5,3 43,1 44,2 90,6 
Республика Адыгея 1,379 2,5 0,6 0,2 19,0 0,4 92,5 
Республика Калмыкия 1,273 4,6 0,1 0,03 28,8 0,2 96,0 
Республика Крым 1,467 4,6 1,2 0,3 39,1 2,3 91,2 
Краснодарский край 1,523 3,6 6,7 2,9 40,9 12,2 90,4 
Астраханская область 1,613 4,3 0,6 0,1 37,6 1,1 92,2 
Волгоградская область 1,117 4,9 1,0 0,5 44,8 6,4 90,6 
Ростовская область 1,297 3,6 3,0 1,1 46,5 19,5 89,6 
г. Севастополь 0,996 1,9 0,3 0,1 39,7 2,1 92,7 
Северо-Кавказский  
федеральный округ 1,758 5,3 9,1 2,3 25,2 8,2 89,6 
Республика Дагестан 1,815 6,5 2,9 0,6 18,0 1,2 90,4 
Республика Ингушетия 1,805 5,1 0,2 0,1 13,3 0,1 86,7 
Кабардино-Балкарская  
Республика 1,611 3,7 0,6 0,2 25,0 1,0 89,0 
Карачаево-Черкесская  
Республика 1,336 3,4 0,4 0,1 25,8 0,8 96,2 
Республика Северная Осетия –  
Алания 1,604 4,0 0,5 0,3 31,5 0,8 95,2 
Чеченская Республика  2,673 4,8 2,6 0,4 32,4 0,6 96,1 
Ставропольский край 1,261 5,1 1,9 0,7 26,9 3,6 85,4 