 Население 
31 
2.6. Ожидаемая продолжительность жизни при рождении 
(число лет) 
 
 Оба пола Мужчины Женщины 
Все население 
2020 72,0 67,1 76,8 
2021 70,0 65,7 74,1 
2022 73,3 68,3 78,3 
2023 73,7 68,5 79,1 
Городское население 
2020 72,4 67,3 77,1 
2021 70,2 65,8 74,4 
2022 73,6 68,6 78,5 
2023 74,2 69,0 79,3 
Сельское население 
2020 70,7 66,2 75,6 
2021 69,0 65,2 73,0 
2022 72,0 67,2 77,4 
2023 71,9 66,5 78,2 
 
По предварительным данным ожидаемая продолжительнос ть жизни  
при рождении по Российской Федерации в 2024 г. составила 72,84 года. 
 
 