 43 
VII ОБЩАЯ ХАРАКТЕРИСТИКА СОЦИАЛЬНОЙ СФЕРЫ 
 
ДЕМОГРАФИЧЕСКАЯ СИТУАЦИЯ 
 
ПОКАЗАТЕЛИ ЕСТЕСТВЕННОГО ДВИЖЕНИЯ НАСЕЛЕНИЯ 
в 2024 году1) 
 
 
312
105
134 128
218
114
138
73
492
174
214
74
388
148
225
103
Централь-
ный
Северо-
Западный
Южный Северо-
Кавказский
Приволж-
ский
Уральский Сибирский Дальне-
восточный
родившиеся умершие
Показатели естественного движения населения 
по федеральным округам Российской Федерации 
в  2024  году
тыс. человек
 
 Человек На 1000 человек населения 
родившиеся умершие естественный 
прирост (+), 
 убыль (-) 
родившиеся умершие естественный 
прирост (+), 
 убыль (-) 
Российская Федерация 1 222 408 1 818 635 -596 227 8,4 12,5 -4,1 
  Центральный федеральный округ  312 022 491 591 -179 569 7,8 12,3 -4,5 
Белгородская область 9 179 20 937 -11 758 6,1 14,0 -7,9 
Брянская область 7 371 16 312 -8 941 6,5 14,3 -7,8 
Владимирская область 8 072 21 174 -13 102 6,2 16,2 -10,0 
Воронежская область 15 725 33 419 -17 694 6,9 14,8 -7,9 
Ивановская область 6 179 14 897 -8 718 6,9 16,5 -9,6 
Калужская область 7 981 14 152 -6 171 7,5 13,3 -5,8 
Костромская область 4 156 9 391 -5 235 7,4 16,7 -9,3 
Курская область 7 252 15 848 -8 596 6,9 15,0 -8,1 
Липецкая область 7 402 16 247 -8 845 6,7 14,6 -7,9 
Московская область 71 434 96 608 -25 174 8,3 11,2 -2,9 
Орловская область 4 509 10 978 -6 469 6,5 15,9 -9,4 
Рязанская область 6 376 16 555 -10 179 5,9 15,4 -9,5 
Смоленская область 4 931 13 153 -8 222 5,7 15,3 -9,6 
Тамбовская область 5 854 15 095 -9 241 6,2 15,9 -9,7 
Тверская область 8 064 19 758 -11 694 6,8 16,5 -9,7 
Тульская область 8 851 22 324 -13 473 6,0 15,2 -9,2 
Ярославская область 8 471 18 265 -9 794 7,2 15,4 -8,2 
г. Москва 120 215 116 478 +3 737 9,1 8,9 +0,2 
 1) Предварительные данные. 